Starting Puzzle
|-----------------------|
| 1 0 0 | 0 3 6 | 0 0 0 | 
| 0 0 5 | 4 0 2 | 7 0 3 | 
| 0 2 0 | 0 1 7 | 0 0 0 | 
|-------+-------+-------|
| 7 0 2 | 0 0 0 | 3 8 0 | 
| 0 0 0 | 0 0 0 | 0 0 0 | 
| 0 1 8 | 0 0 0 | 6 0 9 | 
|-------+-------+-------|
| 0 0 0 | 6 8 0 | 0 2 0 | 
| 4 0 7 | 3 0 5 | 8 0 0 | 
| 0 0 0 | 1 7 0 | 0 0 4 | 
|-------+-------+-------|
| 
 Ending Puzzle
|-----------------------|
| 1 7 4 | 5 3 6 | 2 9 8 | 
| 8 6 5 | 4 9 2 | 7 1 3 | 
| 9 2 3 | 8 1 7 | 4 5 6 | 
|-------+-------+-------|
| 7 4 2 | 9 6 1 | 3 8 5 | 
| 6 3 9 | 7 5 8 | 1 4 2 | 
| 5 1 8 | 2 4 3 | 6 7 9 | 
|-------+-------+-------|
| 3 5 1 | 6 8 4 | 9 2 7 | 
| 4 9 7 | 3 2 5 | 8 6 1 | 
| 2 8 6 | 1 7 9 | 5 3 4 | 
|-------+-------+-------|
| 
 BackTrack-Time to finish:0.05272388458251953
ForwardCheck-Time to finish:0.05786395072937012
Starting Puzzle
|-----------------------|
| 0 0 4 | 0 1 0 | 5 0 0 | 
| 0 2 8 | 0 0 4 | 0 0 0 | 
| 0 1 0 | 0 2 0 | 0 0 7 | 
|-------+-------+-------|
| 0 0 0 | 0 0 0 | 2 0 0 | 
| 7 4 0 | 0 0 0 | 0 3 6 | 
| 0 0 2 | 0 0 0 | 0 0 0 | 
|-------+-------+-------|
| 4 8 0 | 0 7 3 | 0 6 0 | 
| 0 0 0 | 4 0 0 | 1 2 0 | 
| 0 0 9 | 0 8 0 | 3 0 0 | 
|-------+-------+-------|
| 
 Ending Puzzle
|-----------------------|
| 6 7 4 | 3 1 8 | 5 9 2 | 
| 9 2 8 | 7 5 4 | 6 1 3 | 
| 5 1 3 | 9 2 6 | 4 8 7 | 
|-------+-------+-------|
| 1 3 6 | 8 4 7 | 2 5 9 | 
| 7 4 5 | 1 9 2 | 8 3 6 | 
| 8 9 2 | 6 3 5 | 7 4 1 | 
|-------+-------+-------|
| 4 8 1 | 2 7 3 | 9 6 5 | 
| 3 5 7 | 4 6 9 | 1 2 8 | 
| 2 6 9 | 5 8 1 | 3 7 4 | 
|-------+-------+-------|
| 
 BackTrack-Time to finish:0.7634799480438232
ForwardCheck-Time to finish:0.8205156326293945
Starting Puzzle
|-----------------------|
| 0 0 0 | 0 8 2 | 0 0 1 | 
| 3 0 6 | 0 0 0 | 0 5 4 | 
| 0 1 0 | 0 6 0 | 8 0 0 | 
|-------+-------+-------|
| 2 0 0 | 8 0 0 | 4 0 6 | 
| 0 0 0 | 7 5 6 | 0 0 0 | 
| 1 0 9 | 0 0 3 | 0 0 5 | 
|-------+-------+-------|
| 0 0 3 | 0 2 0 | 0 9 0 | 
| 9 7 0 | 0 0 0 | 5 0 8 | 
| 6 0 0 | 5 9 0 | 0 0 0 | 
|-------+-------+-------|
| 
 Ending Puzzle
|-----------------------|
| 7 9 5 | 4 8 2 | 3 6 1 | 
| 3 8 6 | 9 7 1 | 2 5 4 | 
| 4 1 2 | 3 6 5 | 8 7 9 | 
|-------+-------+-------|
| 2 5 7 | 8 1 9 | 4 3 6 | 
| 8 3 4 | 7 5 6 | 9 1 2 | 
| 1 6 9 | 2 4 3 | 7 8 5 | 
|-------+-------+-------|
| 5 4 3 | 1 2 8 | 6 9 7 | 
| 9 7 1 | 6 3 4 | 5 2 8 | 
| 6 2 8 | 5 9 7 | 1 4 3 | 
|-------+-------+-------|
| 
 BackTrack-Time to finish:0.01116180419921875
ForwardCheck-Time to finish:0.01276254653930664
Starting Puzzle
|-----------------------|
| 0 2 6 | 0 5 0 | 8 0 0 | 
| 0 0 7 | 4 0 6 | 0 0 5 | 
| 9 0 0 | 2 1 0 | 0 6 0 | 
|-------+-------+-------|
| 7 0 0 | 0 0 0 | 0 9 1 | 
| 0 0 0 | 1 7 5 | 0 0 0 | 
| 5 8 0 | 0 0 0 | 0 0 2 | 
|-------+-------+-------|
| 0 5 0 | 0 4 2 | 0 0 3 | 
| 4 0 0 | 3 0 8 | 1 0 0 | 
| 0 0 8 | 0 9 0 | 2 4 0 | 
|-------+-------+-------|
| 
 Ending Puzzle
|-----------------------|
| 0 2 6 | 0 5 0 | 8 0 0 | 
| 0 0 7 | 4 0 6 | 0 0 5 | 
| 9 0 0 | 2 1 0 | 0 6 0 | 
|-------+-------+-------|
| 7 0 0 | 0 0 0 | 0 9 1 | 
| 0 0 0 | 1 7 5 | 0 0 0 | 
| 5 8 0 | 0 0 0 | 0 0 2 | 
|-------+-------+-------|
| 0 5 0 | 0 4 2 | 0 0 3 | 
| 4 0 0 | 3 0 8 | 1 0 0 | 
| 0 0 8 | 0 9 0 | 2 4 0 | 
|-------+-------+-------|
| 
 BackTrack-Time to finish:0.0008149147033691406
ForwardCheck-Time to finish:0.001003265380859375
Starting Puzzle
|-----------------------|
| 0 0 0 | 0 0 0 | 0 0 0 | 
| 0 9 3 | 6 2 8 | 1 4 0 | 
| 0 6 0 | 0 0 0 | 0 5 0 | 
|-------+-------+-------|
| 0 3 0 | 0 1 0 | 0 9 0 | 
| 0 5 0 | 8 0 2 | 0 7 0 | 
| 0 4 0 | 0 7 0 | 0 6 0 | 
|-------+-------+-------|
| 0 8 0 | 0 0 0 | 0 3 0 | 
| 0 1 7 | 5 9 3 | 4 2 0 | 
| 0 0 0 | 0 0 0 | 0 0 0 | 
|-------+-------+-------|
| 
 Ending Puzzle
|-----------------------|
| 2 7 1 | 9 5 4 | 6 8 3 | 
| 5 9 3 | 6 2 8 | 1 4 7 | 
| 4 6 8 | 1 3 7 | 2 5 9 | 
|-------+-------+-------|
| 7 3 6 | 4 1 5 | 8 9 2 | 
| 1 5 9 | 8 6 2 | 3 7 4 | 
| 8 4 2 | 3 7 9 | 5 6 1 | 
|-------+-------+-------|
| 9 8 5 | 2 4 1 | 7 3 6 | 
| 6 1 7 | 5 9 3 | 4 2 8 | 
| 3 2 4 | 7 8 6 | 9 1 5 | 
|-------+-------+-------|
| 
 BackTrack-Time to finish:0.0955195426940918
ForwardCheck-Time to finish:0.10507345199584961
Starting Puzzle
|-----------------------|
| 0 2 0 | 0 4 0 | 0 0 1 | 
| 0 0 8 | 1 0 0 | 0 0 0 | 
| 0 3 5 | 0 0 9 | 0 0 2 | 
|-------+-------+-------|
| 0 0 3 | 0 0 0 | 0 1 0 | 
| 0 1 6 | 4 7 3 | 2 9 0 | 
| 0 4 0 | 0 0 0 | 7 0 0 | 
|-------+-------+-------|
| 3 0 0 | 2 0 0 | 8 5 0 | 
| 0 0 0 | 0 0 7 | 6 0 0 | 
| 9 0 0 | 0 3 0 | 0 2 0 | 
|-------+-------+-------|
| 
 Ending Puzzle
|-----------------------|
| 6 2 7 | 3 4 5 | 9 8 1 | 
| 4 9 8 | 1 2 6 | 3 7 5 | 
| 1 3 5 | 7 8 9 | 4 6 2 | 
|-------+-------+-------|
| 7 8 3 | 6 9 2 | 5 1 4 | 
| 5 1 6 | 4 7 3 | 2 9 8 | 
| 2 4 9 | 8 5 1 | 7 3 6 | 
|-------+-------+-------|
| 3 7 1 | 2 6 4 | 8 5 9 | 
| 8 5 2 | 9 1 7 | 6 4 3 | 
| 9 6 4 | 5 3 8 | 1 2 7 | 
|-------+-------+-------|
| 
 BackTrack-Time to finish:0.0032024383544921875
ForwardCheck-Time to finish:0.003628253936767578
Starting Puzzle
|-----------------------|
| 0 0 0 | 0 0 0 | 0 0 0 | 
| 0 2 0 | 0 5 0 | 0 0 0 | 
| 0 0 6 | 0 0 0 | 0 0 0 | 
|-------+-------+-------|
| 2 0 0 | 0 0 0 | 0 0 0 | 
| 0 0 0 | 0 0 0 | 0 0 0 | 
| 0 0 0 | 4 0 0 | 0 0 0 | 
|-------+-------+-------|
| 0 0 0 | 0 0 3 | 0 0 0 | 
| 0 0 0 | 0 0 0 | 7 8 0 | 
| 9 3 0 | 0 0 0 | 0 0 1 | 
|-------+-------+-------|
| 
 Ending Puzzle
|-----------------------|
| 1 4 3 | 2 6 7 | 5 9 8 | 
| 7 2 8 | 1 5 9 | 3 4 6 | 
| 5 9 6 | 3 4 8 | 1 2 7 | 
|-------+-------+-------|
| 2 1 4 | 5 3 6 | 8 7 9 | 
| 3 7 5 | 8 9 2 | 6 1 4 | 
| 8 6 9 | 4 7 1 | 2 3 5 | 
|-------+-------+-------|
| 4 8 7 | 6 1 3 | 9 5 2 | 
| 6 5 1 | 9 2 4 | 7 8 3 | 
| 9 3 2 | 7 8 5 | 4 6 1 | 
|-------+-------+-------|
| 
 BackTrack-Time to finish:0.12176680564880371
ForwardCheck-Time to finish:0.13065338134765625
Starting Puzzle
|-----------------------|
| 1 0 0 | 0 0 9 | 0 3 0 | 
| 0 0 4 | 8 0 0 | 0 0 9 | 
| 2 0 0 | 0 4 0 | 1 0 0 | 
|-------+-------+-------|
| 0 0 0 | 0 8 4 | 0 9 3 | 
| 0 2 7 | 0 0 0 | 4 6 0 | 
| 3 4 0 | 5 7 0 | 0 0 0 | 
|-------+-------+-------|
| 0 0 6 | 0 1 0 | 0 0 2 | 
| 7 0 0 | 0 0 8 | 9 0 0 | 
| 0 1 0 | 4 0 0 | 0 0 6 | 
|-------+-------+-------|
| 
 Ending Puzzle
|-----------------------|
| 1 8 5 | 7 2 9 | 6 3 4 | 
| 6 7 4 | 8 3 1 | 5 2 9 | 
| 2 9 3 | 6 4 5 | 1 8 7 | 
|-------+-------+-------|
| 5 6 1 | 2 8 4 | 7 9 3 | 
| 8 2 7 | 1 9 3 | 4 6 5 | 
| 3 4 9 | 5 7 6 | 2 1 8 | 
|-------+-------+-------|
| 4 3 6 | 9 1 7 | 8 5 2 | 
| 7 5 2 | 3 6 8 | 9 4 1 | 
| 9 1 8 | 4 5 2 | 3 7 6 | 
|-------+-------+-------|
| 
 BackTrack-Time to finish:0.036418914794921875
ForwardCheck-Time to finish:0.03930234909057617
Starting Puzzle
|-----------------------|
| 0 7 0 | 5 0 1 | 0 0 0 | 
| 9 0 5 | 0 0 6 | 0 0 4 | 
| 0 0 0 | 0 0 0 | 0 0 6 | 
|-------+-------+-------|
| 0 3 8 | 0 2 0 | 7 6 0 | 
| 0 0 0 | 3 0 0 | 0 0 0 | 
| 0 9 7 | 0 0 0 | 8 5 0 | 
|-------+-------+-------|
| 8 0 0 | 0 0 0 | 0 0 0 | 
| 3 0 0 | 6 0 0 | 9 0 2 | 
| 0 0 0 | 8 0 9 | 0 1 0 | 
|-------+-------+-------|
| 
 Ending Puzzle
|-----------------------|
| 6 7 4 | 5 3 1 | 2 9 8 | 
| 9 2 5 | 7 8 6 | 1 3 4 | 
| 1 8 3 | 4 9 2 | 5 7 6 | 
|-------+-------+-------|
| 4 3 8 | 9 2 5 | 7 6 1 | 
| 5 1 6 | 3 7 8 | 4 2 9 | 
| 2 9 7 | 1 6 4 | 8 5 3 | 
|-------+-------+-------|
| 8 5 9 | 2 1 3 | 6 4 7 | 
| 3 4 1 | 6 5 7 | 9 8 2 | 
| 7 6 2 | 8 4 9 | 3 1 5 | 
|-------+-------+-------|
| 
 BackTrack-Time to finish:0.45581889152526855
ForwardCheck-Time to finish:0.5030591487884521
Starting Puzzle
|-----------------------|
| 0 0 0 | 0 3 7 | 6 0 0 | 
| 0 0 0 | 6 0 0 | 0 9 0 | 
| 0 0 8 | 0 0 0 | 0 0 4 | 
|-------+-------+-------|
| 0 9 0 | 0 0 0 | 0 0 1 | 
| 6 0 0 | 0 0 0 | 0 0 9 | 
| 3 0 0 | 0 0 0 | 0 4 0 | 
|-------+-------+-------|
| 7 0 0 | 0 0 0 | 8 0 0 | 
| 0 1 0 | 0 0 9 | 0 0 0 | 
| 0 0 2 | 5 4 0 | 0 0 0 | 
|-------+-------+-------|
| 
 Ending Puzzle
|-----------------------|
| 9 5 4 | 1 3 7 | 6 8 2 | 
| 2 7 3 | 6 8 4 | 1 9 5 | 
| 1 6 8 | 2 9 5 | 7 3 4 | 
|-------+-------+-------|
| 4 9 5 | 7 2 8 | 3 6 1 | 
| 6 8 1 | 4 5 3 | 2 7 9 | 
| 3 2 7 | 9 6 1 | 5 4 8 | 
|-------+-------+-------|
| 7 4 9 | 3 1 2 | 8 5 6 | 
| 5 1 6 | 8 7 9 | 4 2 3 | 
| 8 3 2 | 5 4 6 | 9 1 7 | 
|-------+-------+-------|
| 
 BackTrack-Time to finish:37.064430236816406
ForwardCheck-Time to finish:41.51896691322327
Starting Puzzle
|-----------------------|
| 0 0 6 | 4 8 1 | 3 0 0 | 
| 0 2 0 | 0 0 0 | 0 4 0 | 
| 7 0 0 | 0 0 0 | 0 0 9 | 
|-------+-------+-------|
| 8 0 0 | 0 9 0 | 0 0 4 | 
| 6 0 0 | 3 4 2 | 0 0 1 | 
| 5 0 0 | 0 6 0 | 0 0 2 | 
|-------+-------+-------|
| 3 0 0 | 0 0 0 | 0 0 5 | 
| 0 9 0 | 0 0 0 | 0 7 0 | 
| 0 0 5 | 7 1 6 | 2 0 0 | 
|-------+-------+-------|
| 
 Ending Puzzle
|-----------------------|
| 9 5 6 | 4 8 1 | 3 2 7 | 
| 1 2 3 | 6 7 9 | 5 4 8 | 
| 7 4 8 | 2 5 3 | 6 1 9 | 
|-------+-------+-------|
| 8 3 2 | 1 9 5 | 7 6 4 | 
| 6 7 9 | 3 4 2 | 8 5 1 | 
| 5 1 4 | 8 6 7 | 9 3 2 | 
|-------+-------+-------|
| 3 6 7 | 9 2 4 | 1 8 5 | 
| 2 9 1 | 5 3 8 | 4 7 6 | 
| 4 8 5 | 7 1 6 | 2 9 3 | 
|-------+-------+-------|
| 
 BackTrack-Time to finish:0.01149439811706543
ForwardCheck-Time to finish:0.012511491775512695
Starting Puzzle
|-----------------------|
| 0 0 0 | 0 0 7 | 5 0 0 | 
| 7 0 0 | 1 0 0 | 0 4 0 | 
| 5 0 0 | 0 0 0 | 2 0 0 | 
|-------+-------+-------|
| 0 0 1 | 3 9 0 | 0 0 8 | 
| 3 0 0 | 7 8 6 | 0 0 4 | 
| 8 0 0 | 0 4 1 | 7 0 0 | 
|-------+-------+-------|
| 0 0 8 | 0 0 0 | 0 0 9 | 
| 0 5 0 | 0 0 3 | 0 0 1 | 
| 0 0 4 | 6 0 0 | 0 0 0 | 
|-------+-------+-------|
| 
 Ending Puzzle
|-----------------------|
| 1 4 9 | 2 3 7 | 5 8 6 | 
| 7 6 2 | 1 5 8 | 9 4 3 | 
| 5 8 3 | 9 6 4 | 2 1 7 | 
|-------+-------+-------|
| 4 7 1 | 3 9 2 | 6 5 8 | 
| 3 2 5 | 7 8 6 | 1 9 4 | 
| 8 9 6 | 5 4 1 | 7 3 2 | 
|-------+-------+-------|
| 6 1 8 | 4 7 5 | 3 2 9 | 
| 9 5 7 | 8 2 3 | 4 6 1 | 
| 2 3 4 | 6 1 9 | 8 7 5 | 
|-------+-------+-------|
| 
 BackTrack-Time to finish:0.06575179100036621
ForwardCheck-Time to finish:0.07353734970092773
Starting Puzzle
|-----------------------|
| 8 0 0 | 0 0 0 | 0 0 0 | 
| 0 0 3 | 6 0 0 | 0 0 0 | 
| 0 7 0 | 0 9 0 | 2 0 0 | 
|-------+-------+-------|
| 0 5 0 | 0 0 7 | 0 0 0 | 
| 0 0 0 | 0 4 5 | 7 0 0 | 
| 0 0 0 | 1 0 0 | 0 3 0 | 
|-------+-------+-------|
| 0 0 1 | 0 0 0 | 0 6 8 | 
| 0 0 8 | 5 0 0 | 0 1 0 | 
| 0 9 0 | 0 0 0 | 4 0 0 | 
|-------+-------+-------|
| 
 Ending Puzzle
|-----------------------|
| 8 1 2 | 7 5 3 | 6 4 9 | 
| 9 4 3 | 6 8 2 | 1 7 5 | 
| 6 7 5 | 4 9 1 | 2 8 3 | 
|-------+-------+-------|
| 1 5 4 | 2 3 7 | 8 9 6 | 
| 3 6 9 | 8 4 5 | 7 2 1 | 
| 2 8 7 | 1 6 9 | 5 3 4 | 
|-------+-------+-------|
| 5 2 1 | 9 7 4 | 3 6 8 | 
| 4 3 8 | 5 2 6 | 9 1 7 | 
| 7 9 6 | 3 1 8 | 4 5 2 | 
|-------+-------+-------|
| 
 BackTrack-Time to finish:0.8423051834106445
ForwardCheck-Time to finish:0.9095656871795654
Starting Puzzle
|-----------------------|
| 0 0 0 | 0 0 0 | 0 0 0 | 
| 0 0 0 | 0 0 0 | 0 0 0 | 
| 0 0 0 | 0 0 0 | 0 0 0 | 
|-------+-------+-------|
| 0 0 0 | 0 0 0 | 0 0 0 | 
| 0 0 0 | 0 0 0 | 0 0 0 | 
| 0 0 0 | 0 0 0 | 0 0 0 | 
|-------+-------+-------|
| 0 0 0 | 0 0 0 | 0 0 0 | 
| 0 0 0 | 0 0 0 | 0 0 0 | 
| 0 0 0 | 0 0 0 | 0 0 0 | 
|-------+-------+-------|
| 
 Ending Puzzle
|-----------------------|
| 1 2 3 | 4 5 6 | 7 8 9 | 
| 4 5 6 | 7 8 9 | 1 2 3 | 
| 7 8 9 | 1 2 3 | 4 5 6 | 
|-------+-------+-------|
| 2 1 4 | 3 6 5 | 8 9 7 | 
| 3 6 5 | 8 9 7 | 2 1 4 | 
| 8 9 7 | 2 1 4 | 3 6 5 | 
|-------+-------+-------|
| 5 3 1 | 6 4 2 | 9 7 8 | 
| 6 4 2 | 9 7 8 | 5 3 1 | 
| 9 7 8 | 5 3 1 | 6 4 2 | 
|-------+-------+-------|
| 
 BackTrack-Time to finish:0.006015300750732422
ForwardCheck-Time to finish:0.007462501525878906
Starting Puzzle
|-----------------------|
| 0 0 1 | 0 0 0 | 0 0 2 | 
| 0 0 0 | 9 0 0 | 0 0 0 | 
| 0 5 0 | 0 0 0 | 0 0 0 | 
|-------+-------+-------|
| 7 0 0 | 0 0 0 | 3 0 0 | 
| 0 0 0 | 0 0 0 | 0 0 6 | 
| 0 0 0 | 0 0 4 | 0 0 0 | 
|-------+-------+-------|
| 0 0 4 | 0 0 0 | 0 2 0 | 
| 0 0 0 | 0 7 0 | 0 0 0 | 
| 8 0 0 | 0 0 0 | 0 3 5 | 
|-------+-------+-------|
Ending Puzzle
|-----------------------|
| 3 4 1 | 5 6 7 | 8 9 2 | 
| 2 6 7 | 9 1 8 | 4 5 3 | 
| 9 5 8 | 2 4 3 | 1 6 7 | 
|-------+-------+-------|
| 7 1 2 | 6 5 9 | 3 4 8 | 
| 4 9 3 | 1 8 2 | 5 7 6 | 
| 5 8 6 | 7 3 4 | 2 1 9 | 
|-------+-------+-------|
| 6 3 4 | 8 9 5 | 7 2 1 | 
| 1 2 5 | 3 7 6 | 9 8 4 | 
| 8 7 9 | 4 2 1 | 6 3 5 | 
|-------+-------+-------|
BackTrack-Time to finish:0.017699480056762695
ForwardCheck-Time to finish:0.01941370964050293
