100036000005402703020017000702000380000000000018000609000680020407305800000170004
004010500028004000010020007000000200740000036002000000480073060000400120009080300
000082001306000054010060800200800406000756000109003005003020090970000508600590000
026050800007406005900210060700000091000175000580000002050042003400308100008090240
000000000093628140060000050030010090050802070040070060080000030017593420000000000
020040001008100000035009002003000010016473290040000700300200850000007600900030020
000000000020050000006000000200000000000000000000400000000003000000000780930000001
100009030004800009200040100000084093027000460340570000006010002700008900010400006
070501000905006004000000006038020760000300000097000850800000000300600902000809010
000037600000600090008000004090000001600000009300000040700000800010009000002540000
006481300020000040700000009800090004600342001500060002300000005090000070005716200
000007500700100040500000200001390008300786004800041700008000009050003001004600000
800000000003600000070090200050007000000045700000100030001000068008500010090000400
000000000000000000000000000000000000000000000000000000000000000000000000000000000
001000002000900000050000000700000300000000006000004000004000020000070000800000035